0.517487
-0.676773
-0.043976
0.424515
-0.392670
0.603806
0.277328
-0.056747
0.755127
-0.076416
-0.693497
0.098938
0.151154
-0.206375
-0.845703
0.433075
0.375534
-0.009323
-0.224472
0.127701
0.411270
0.348877
-0.074036
-0.419098
0.033493
-0.366028
0.250397
-0.056854
0.058090
-0.070862
0.076233
-0.282089
-0.249420
0.506134
0.490570
-0.936310
0.230820
0.461533
0.923050
0.267975
0.063156
-0.360352
-0.614105
-0.416077
0.087265
0.260651
-0.448792
-0.361176
-0.363098
0.582306
-0.039047
0.018845
0.374466
0.524734
0.045181
0.543579
0.532211
-0.213257
0.149048
0.449524
-0.375473
-0.069473
-0.014252
-0.018890
-0.466644
0.260498
0.467819
0.494385
0.796204
0.362137
0.581253
0.034073
-0.234070
0.159424
0.018829
-0.018951
0.045319
-0.136551
0.339584
0.260742
0.653122
0.105698
-0.064163
0.362305
0.614105
-0.154236
-0.433136
-0.375412
0.649704
0.469940
0.452759
-0.596710
0.002319
0.618286
0.030182
0.090637
0.139511
-0.216141
-0.584061
0.150772
-0.207382
-0.159302
0.096130
-0.418289
0.690826
-0.045395
-0.068817
-0.722549
-0.435944
0.041733
0.266037
0.160400
0.963425
-0.478012
-0.211777
-0.295822
0.758606
-0.872574
0.198471
0.592438
-0.033096
0.841736
0.509430
-0.251511
-0.049088
0.245392
-0.143463
0.418503
-0.145660
0.296753
-0.151321
-0.235153
0.117859
0.442047
0.807663
0.108795
0.265259
-0.219971
-0.015045
0.589508
-0.838638
0.750946
-0.407928
0.063843
-0.226700
-0.307602
-0.036957
-0.600174
-0.290756
-0.204849
-0.278198
-0.057037
-0.716202
-0.649918
0.090469
-0.663727
0.534500
0.364136
-0.644745
-0.085953
-0.417282
-0.691010
0.137238
0.265259
-0.669189
0.076340
0.479126
0.137680
0.456497
0.030365
-0.596863
-0.107422
0.664444
0.517059
-0.314957
-0.163513
0.698303
0.328354
0.140335
-0.099289
-0.000061
0.578125
0.145615
-0.642685
-0.459122
0.015152
0.068756
0.722549
0.764313
0.735962
0.060852
-0.834335
-0.491135
-0.386948
0.197861
0.302307
-0.053360
0.407318
0.163574
0.498108
-0.278992
-0.758667
-0.323837
-0.170624
0.245590
0.720810
0.079010
0.373642
-0.796677
-0.015808
-0.649811
0.301422
0.283401
0.585739
0.509644
-0.009064
-0.186737
-0.135941
0.062271
-0.366211
0.018951
-0.005081
-0.048904
0.557037
-0.805710
-0.105011
-0.593628
-0.494278
-0.096298
-0.536667
0.542374
-0.066681
0.141571
0.181381
0.279022
-0.088531
-0.501877
-0.695236
-0.154236
0.241501
0.342209
-0.610672
-0.054642
-0.185852
-0.164169
-0.132721
0.498657
0.542419
0.337753
-0.364655
-0.166809
-0.494339
-0.095200
0.132141
-0.105621
-0.037842
-0.581223
0.570938
0.341431
-0.334946
0.128403
-0.449310
-0.120682
0.411240
0.464615
-0.364136
0.644745
-0.304672
0.091736
-0.245285
0.298172
-0.097900
-0.041565
0.000565
0.551254
0.206268
-0.421753
0.549515
-0.441193
0.388504
-0.623581
-0.589157
-0.591034
-0.061890
0.226700
-0.262711
-0.194321
0.103119
0.593628
0.096085
-0.132141
0.105621
-0.602783
-0.250458
-0.064240
0.332535
0.377426
-0.686844
0.588715
-0.222870
-0.247162
-0.568939
-0.398697
0.737671
-0.003845
-0.011108
0.360413
0.612213
0.294861
0.490616
-0.490524
-0.373734
0.796616
-0.109070
0.071686
0.398178
0.011261
-0.525299
-0.384033
-0.959015
0.388641
-0.219910
0.160461
0.042404
-0.508499
0.087601
0.462677
-0.490631
0.815094
-0.558945
-0.600037
-0.022675
0.031082
-0.317795
0.392273
0.785248
0.152023
-0.783051
0.135941
0.062729
-0.266602
-0.312271
-0.528107
0.097870
-0.080963
-0.177475
0.056915
-0.056137
0.195740
0.494324
-0.064270
0.634811
-0.453293
-0.224579
0.013641
-0.216904
-0.136871
0.022705
0.176468
-0.456543
-0.267914
-0.061264
0.364258
-0.018951
0.645462
-0.807861
0.163406
0.381653
-0.090790
0.034241
0.196182
-0.607513
0.363098
-0.582306
0.429672
0.236633
-0.580261
-0.346893
0.033310
0.080139
-0.018295
-0.629623
0.747543
0.009567
-0.325043
0.023453
